ISS (ZARYA)
1 25544U 98067A   26175.12345678  .00001234  00000-0  12345-3 0  9995
2 25544  51.6468 123.4567 0004427 224.4953 135.5681 15.49396189572835
HST
1 20580U 90037B   26175.12345678  .00001234  00000-0  12345-3 0  9999
2 20580  28.4728  27.4055 0001442 233.5980 126.4483 15.30829347999997
CSS (TIANHE-1)
1 48274U 21035A   26175.12345678  .00001234  00000-0  12345-3 0  9991
2 48274  41.4689 278.8848 0007696 138.8892 221.2528 15.61092232294278
STARLINK-30001
1 50001U 2320A    26175.12345678  .00001234  00000-0  12345-3 0  9998
2 50001  53.0000   9.0000 0001100  23.0000  17.0000 15.02100000001000
STARLINK-30002
1 50002U 2320A    26175.12345678  .00001234  00000-0  12345-3 0  9999
2 50002  53.0000  18.0000 0001200  46.0000  34.0000 15.02200000002008
STARLINK-30003
1 50003U 2320A    26175.12345678  .00001234  00000-0  12345-3 0  9990
2 50003  53.0000  27.0000 0001300  69.0000  51.0000 15.02300000003006
STARLINK-30004
1 50004U 2320A    26175.12345678  .00001234  00000-0  12345-3 0  9991
2 50004  53.0000  36.0000 0001400  92.0000  68.0000 15.02400000004004
STARLINK-30005
1 50005U 2320A    26175.12345678  .00001234  00000-0  12345-3 0  9992
2 50005  53.0000  45.0000 0001500 115.0000  85.0000 15.02500000005003
STARLINK-30006
1 50006U 2320A    26175.12345678  .00001234  00000-0  12345-3 0  9993
2 50006  53.0000  54.0000 0001600 138.0000 102.0000 15.02600000006002
STARLINK-30007
1 50007U 2320A    26175.12345678  .00001234  00000-0  12345-3 0  9994
2 50007  53.0000  63.0000 0001700 161.0000 119.0000 15.02700000007000
STARLINK-30008
1 50008U 2320A    26175.12345678  .00001234  00000-0  12345-3 0  9995
2 50008  53.0000  72.0000 0001800 184.0000 136.0000 15.02800000008008
STARLINK-30009
1 50009U 2320A    26175.12345678  .00001234  00000-0  12345-3 0  9996
2 50009  53.0000  81.0000 0001900 207.0000 153.0000 15.02900000009007
STARLINK-30010
1 50010U 2321A    26175.12345678  .00001234  00000-0  12345-3 0  9999
2 50010  53.0000  90.0000 0002000 230.0000 170.0000 15.03000000010000
STARLINK-30011
1 50011U 2321A    26175.12345678  .00001234  00000-0  12345-3 0  9990
2 50011  53.0000  99.0000 0002100 253.0000 187.0000 15.03100000011006
STARLINK-30012
1 50012U 2321A    26175.12345678  .00001234  00000-0  12345-3 0  9991
2 50012  53.0000 108.0000 0002200 276.0000 204.0000 15.03200000012006
STARLINK-30013
1 50013U 2321A    26175.12345678  .00001234  00000-0  12345-3 0  9992
2 50013  53.0000 117.0000 0002300 299.0000 221.0000 15.03300000013004
STARLINK-30014
1 50014U 2321A    26175.12345678  .00001234  00000-0  12345-3 0  9993
2 50014  53.0000 126.0000 0002400 322.0000 238.0000 15.03400000014003
STARLINK-30015
1 50015U 2321A    26175.12345678  .00001234  00000-0  12345-3 0  9994
2 50015  53.0000 135.0000 0002500 345.0000 255.0000 15.03500000015001
STARLINK-30016
1 50016U 2321A    26175.12345678  .00001234  00000-0  12345-3 0  9995
2 50016  53.0000 144.0000 0002600   8.0000 272.0000 15.03600000016000
STARLINK-30017
1 50017U 2321A    26175.12345678  .00001234  00000-0  12345-3 0  9996
2 50017  53.0000 153.0000 0002700  31.0000 289.0000 15.03700000017008
STARLINK-30018
1 50018U 2321A    26175.12345678  .00001234  00000-0  12345-3 0  9997
2 50018  53.0000 162.0000 0002800  54.0000 306.0000 15.03800000018007
STARLINK-30019
1 50019U 2321A    26175.12345678  .00001234  00000-0  12345-3 0  9998
2 50019  53.0000 171.0000 0002900  77.0000 323.0000 15.03900000019005
STARLINK-30020
1 50020U 2322A    26175.12345678  .00001234  00000-0  12345-3 0  9991
2 50020  53.0000 180.0000 0003000 100.0000 340.0000 15.04000000020009
STARLINK-30021
1 50021U 2322A    26175.12345678  .00001234  00000-0  12345-3 0  9992
2 50021  53.0000 189.0000 0003100 123.0000 357.0000 15.04100000021005
STARLINK-30022
1 50022U 2322A    26175.12345678  .00001234  00000-0  12345-3 0  9993
2 50022  53.0000 198.0000 0003200 146.0000  14.0000 15.04200000022004
STARLINK-30023
1 50023U 2322A    26175.12345678  .00001234  00000-0  12345-3 0  9994
2 50023  53.0000 207.0000 0003300 169.0000  31.0000 15.04300000023003
STARLINK-30024
1 50024U 2322A    26175.12345678  .00001234  00000-0  12345-3 0  9995
2 50024  53.0000 216.0000 0003400 192.0000  48.0000 15.04400000024001
STARLINK-30025
1 50025U 2322A    26175.12345678  .00001234  00000-0  12345-3 0  9996
2 50025  53.0000 225.0000 0003500 215.0000  65.0000 15.04500000025000
STARLINK-30026
1 50026U 2322A    26175.12345678  .00001234  00000-0  12345-3 0  9997
2 50026  53.0000 234.0000 0003600 238.0000  82.0000 15.04600000026008
STARLINK-30027
1 50027U 2322A    26175.12345678  .00001234  00000-0  12345-3 0  9998
2 50027  53.0000 243.0000 0003700 261.0000  99.0000 15.04700000027006
STARLINK-30028
1 50028U 2322A    26175.12345678  .00001234  00000-0  12345-3 0  9999
2 50028  53.0000 252.0000 0003800 284.0000 116.0000 15.04800000028005
STARLINK-30029
1 50029U 2322A    26175.12345678  .00001234  00000-0  12345-3 0  9990
2 50029  53.0000 261.0000 0003900 307.0000 133.0000 15.04900000029004
STARLINK-30030
1 50030U 2323A    26175.12345678  .00001234  00000-0  12345-3 0  9993
2 50030  53.0000 270.0000 0004000 330.0000 150.0000 15.05000000030007
STARLINK-30031
1 50031U 2323A    26175.12345678  .00001234  00000-0  12345-3 0  9994
2 50031  53.0000 279.0000 0004100 353.0000 167.0000 15.05100000031003
STARLINK-30032
1 50032U 2323A    26175.12345678  .00001234  00000-0  12345-3 0  9995
2 50032  53.0000 288.0000 0004200  16.0000 184.0000 15.05200000032002
STARLINK-30033
1 50033U 2323A    26175.12345678  .00001234  00000-0  12345-3 0  9996
2 50033  53.0000 297.0000 0004300  39.0000 201.0000 15.05300000033001
STARLINK-30034
1 50034U 2323A    26175.12345678  .00001234  00000-0  12345-3 0  9997
2 50034  53.0000 306.0000 0004400  62.0000 218.0000 15.05400000034000
STARLINK-30035
1 50035U 2323A    26175.12345678  .00001234  00000-0  12345-3 0  9998
2 50035  53.0000 315.0000 0004500  85.0000 235.0000 15.05500000035008
STARLINK-30036
1 50036U 2323A    26175.12345678  .00001234  00000-0  12345-3 0  9999
2 50036  53.0000 324.0000 0004600 108.0000 252.0000 15.05600000036007
STARLINK-30037
1 50037U 2323A    26175.12345678  .00001234  00000-0  12345-3 0  9990
2 50037  53.0000 333.0000 0004700 131.0000 269.0000 15.05700000037005
STARLINK-30038
1 50038U 2323A    26175.12345678  .00001234  00000-0  12345-3 0  9991
2 50038  53.0000 342.0000 0004800 154.0000 286.0000 15.05800000038003
STARLINK-30039
1 50039U 2323A    26175.12345678  .00001234  00000-0  12345-3 0  9992
2 50039  53.0000 351.0000 0004900 177.0000 303.0000 15.05900000039002
STARLINK-30040
1 50040U 2324A    26175.12345678  .00001234  00000-0  12345-3 0  9995
2 50040  53.0000   0.0000 0005000 200.0000 320.0000 15.06000000040007
DEB (FENGYUN 1C) [90001]
1 90001U 09012B   26175.12345678  .00001234  00000-0  12345-3 0  9997
2 90001  53.0000  24.0000 0012000  37.0000  13.0000 14.25000000000409
DEB (FENGYUN 1C) [90002]
1 90002U 09012C   26175.12345678  .00001234  00000-0  12345-3 0  9998
2 90002  98.2000  48.0000 0014000  74.0000  26.0000 14.30000000000804
DEB (FENGYUN 1C) [90003]
1 90003U 09012D   26175.12345678  .00001234  00000-0  12345-3 0  9999
2 90003  53.0000  72.0000 0016000 111.0000  39.0000 14.35000000001209
DEB (FENGYUN 1C) [90004]
1 90004U 09012E   26175.12345678  .00001234  00000-0  12345-3 0  9990
2 90004  98.2000  96.0000 0018000 148.0000  52.0000 14.40000000001604
DEB (FENGYUN 1C) [90005]
1 90005U 09012F   26175.12345678  .00001234  00000-0  12345-3 0  9991
2 90005  53.0000 120.0000 0020000 185.0000  65.0000 14.45000000002000
DEB (FENGYUN 1C) [90006]
1 90006U 09012G   26175.12345678  .00001234  00000-0  12345-3 0  9992
2 90006  98.2000 144.0000 0022000 222.0000  78.0000 14.50000000002406
DEB (FENGYUN 1C) [90007]
1 90007U 09012H   26175.12345678  .00001234  00000-0  12345-3 0  9993
2 90007  53.0000 168.0000 0024000 259.0000  91.0000 14.55000000002808
DEB (FENGYUN 1C) [90008]
1 90008U 09012I   26175.12345678  .00001234  00000-0  12345-3 0  9994
2 90008  98.2000 192.0000 0026000 296.0000 104.0000 14.60000000003206
DEB (FENGYUN 1C) [90009]
1 90009U 09012J   26175.12345678  .00001234  00000-0  12345-3 0  9995
2 90009  53.0000 216.0000 0028000 333.0000 117.0000 14.65000000003600
DEB (FENGYUN 1C) [90010]
1 90010U 09012K   26175.12345678  .00001234  00000-0  12345-3 0  9997
2 90010  98.2000 240.0000 0030000  10.0000 130.0000 14.70000000004001
DEB (FENGYUN 1C) [90011]
1 90011U 09012L   26175.12345678  .00001234  00000-0  12345-3 0  9998
2 90011  53.0000 264.0000 0032000  47.0000 143.0000 14.75000000004402
DEB (FENGYUN 1C) [90012]
1 90012U 09012M   26175.12345678  .00001234  00000-0  12345-3 0  9999
2 90012  98.2000 288.0000 0034000  84.0000 156.0000 14.80000000004807
DEB (FENGYUN 1C) [90013]
1 90013U 09012N   26175.12345678  .00001234  00000-0  12345-3 0  9990
2 90013  53.0000 312.0000 0036000 121.0000 169.0000 14.85000000005203
DEB (FENGYUN 1C) [90014]
1 90014U 09012O   26175.12345678  .00001234  00000-0  12345-3 0  9991
2 90014  98.2000 336.0000 0038000 158.0000 182.0000 14.90000000005608
DEB (FENGYUN 1C) [90015]
1 90015U 09012P   26175.12345678  .00001234  00000-0  12345-3 0  9992
2 90015  53.0000   0.0000 0040000 195.0000 195.0000 14.95000000006004
CZ-4B R/B [80001]
1 80001U 12045B   26175.12345678  .00001234  00000-0  12345-3 0  9996
2 80001  74.0000  19.0000 0006000  11.0000  29.0000 14.53000000000251
CZ-4B R/B [80002]
1 80002U 12045C   26175.12345678  .00001234  00000-0  12345-3 0  9997
2 80002  51.6000  38.0000 0007000  22.0000  58.0000 14.56000000000500
CZ-4B R/B [80003]
1 80003U 12045D   26175.12345678  .00001234  00000-0  12345-3 0  9998
2 80003  98.5000  57.0000 0008000  33.0000  87.0000 14.59000000000757
CZ-4B R/B [80004]
1 80004U 12045E   26175.12345678  .00001234  00000-0  12345-3 0  9999
2 80004  74.0000  76.0000 0009000  44.0000 116.0000 14.62000000001007
CZ-4B R/B [80005]
1 80005U 12045F   26175.12345678  .00001234  00000-0  12345-3 0  9990
2 80005  51.6000  95.0000 0010000  55.0000 145.0000 14.65000000001256
CZ-4B R/B [80006]
1 80006U 12045G   26175.12345678  .00001234  00000-0  12345-3 0  9991
2 80006  98.5000 114.0000 0011000  66.0000 174.0000 14.68000000001505
CZ-4B R/B [80007]
1 80007U 12045H   26175.12345678  .00001234  00000-0  12345-3 0  9992
2 80007  74.0000 133.0000 0012000  77.0000 203.0000 14.71000000001753
CZ-4B R/B [80008]
1 80008U 12045I   26175.12345678  .00001234  00000-0  12345-3 0  9993
2 80008  51.6000 152.0000 0013000  88.0000 232.0000 14.74000000002003
CZ-4B R/B [80009]
1 80009U 12045J   26175.12345678  .00001234  00000-0  12345-3 0  9994
2 80009  98.5000 171.0000 0014000  99.0000 261.0000 14.77000000002250
CZ-4B R/B [80010]
1 80010U 12045K   26175.12345678  .00001234  00000-0  12345-3 0  9996
2 80010  74.0000 190.0000 0015000 110.0000 290.0000 14.80000000002501
CZ-4B R/B [80011]
1 80011U 12045L   26175.12345678  .00001234  00000-0  12345-3 0  9997
2 80011  51.6000 209.0000 0016000 121.0000 319.0000 14.83000000002759
CZ-4B R/B [80012]
1 80012U 12045M   26175.12345678  .00001234  00000-0  12345-3 0  9998
2 80012  98.5000 228.0000 0017000 132.0000 348.0000 14.86000000003008
CZ-4B R/B [80013]
1 80013U 12045N   26175.12345678  .00001234  00000-0  12345-3 0  9999
2 80013  74.0000 247.0000 0018000 143.0000  17.0000 14.89000000003255
CZ-4B R/B [80014]
1 80014U 12045O   26175.12345678  .00001234  00000-0  12345-3 0  9990
2 80014  51.6000 266.0000 0019000 154.0000  46.0000 14.92000000003505
CZ-4B R/B [80015]
1 80015U 12045P   26175.12345678  .00001234  00000-0  12345-3 0  9991
2 80015  98.5000 285.0000 0020000 165.0000  75.0000 14.95000000003753
